{
  "camera_angle_x": 1.176730343842221,
  "camera_angle_y": 0.6934054262833194,
  "fl_x": 1438.8694015038918,
  "fl_y": 1494.6179767629042,
  "k1": -0.1126495856904614,
  "k2": 0.12952773780518442,
  "k3": 0,
  "k4": 0,
  "p1": 0.0005750268035590608,
  "p2": 0.0008280009633991584,
  "is_fisheye": false,
  "cx": 957.4167275881179,
  "cy": 534.2542617120789,
  "w": 1920.0,
  "h": 1080.0,
  "aabb_scale": 32,
  "frames": [
    {
      "file_path": "./images/0003.jpg",
      "sharpness": 69.54057227381118,
      "transform_matrix": [
        [
          0.4469265197515576,
          -0.09317589614013544,
          0.8897049726420164,
          3.564281913978887
        ],
        [
          0.8942751518518144,
          0.07209727724437168,
          -0.44167175073166687,
          -1.7238502957094997
        ],
        [
          -0.02299214490406193,
          0.993035867939835,
          0.11554707387203877,
          0.45325772453661706
        ],
        [
          0.0,
          0.0,
          0.0,
          1.0
        ]
      ]
    },
    {
      "file_path": "./images/0012.jpg",
      "sharpness": 71.48897344395766,
      "transform_matrix": [
        [
          0.20176329418869648,
          -0.10013472377997297,
          0.9743021144564563,
          3.9014059143568574
        ],
        [
          0.9792761197076616,
          0.03850252623083092,
          -0.1988362060696266,
          -0.7528469763159973
        ],
        [
          -0.017602684146373906,
          0.994228642008479,
          0.10582794027816966,
          0.42002917368488624
        ],
        [
          0.0,
          0.0,
          0.0,
          1.0
        ]
      ]
    },
    {
      "file_path": "./images/0006.jpg",
      "sharpness": 71.12370997299178,
      "transform_matrix": [
        [
          0.4009832378582804,
          -0.09606887201533044,
          0.9110341457975543,
          3.6455128077521772
        ],
        [
          0.9158352244860983,
          0.06527888086244796,
          -0.39621270714586815,
          -1.546025023721669
        ],
        [
          -0.021407581611496574,
          0.9932318156229488,
          0.11415899398027578,
          0.4544387833919454
        ],
        [
          0.0,
          0.0,
          0.0,
          1.0
        ]
      ]
    },
    {
      "file_path": "./images/0005.jpg",
      "sharpness": 71.02718074731713,
      "transform_matrix": [
        [
          0.4153168366548889,
          -0.09500453526498812,
          0.9047021960251604,
          3.622360084107624
        ],
        [
          0.9094082100983087,
          0.0675289103539162,
          -0.41038585949349693,
          -1.6025900541605875
        ],
        [
          -0.02210503563187175,
          0.9931837617319873,
          0.11444379779749463,
          0.4553550537801972
        ],
        [
          0.0,
          0.0,
          0.0,
          1.0
        ]
      ]
    },
    {
      "file_path": "./images/0016.jpg",
      "sharpness": 69.88268846480177,
      "transform_matrix": [
        [
          0.05104824889007814,
          -0.10691512440754714,
          0.992956812998865,
          3.9578783078322277
        ],
        [
          0.9986167636808252,
          0.01800354867802704,
          -0.04940072398909132,
          -0.15813176977692384
        ],
        [
          -0.012595061766887048,
          0.9941051395252979,
          0.10768628515821814,
          0.4364548752280878
        ],
        [
          0.0,
          0.0,
          0.0,
          1.0
        ]
      ]
    },
    {
      "file_path": "./images/0009.jpg",
      "sharpness": 69.08610887985334,
      "transform_matrix": [
        [
          0.3190635624158957,
          -0.09955715160330776,
          0.9424896905143321,
          3.7725728693273806
        ],
        [
          0.9475114743685419,
          0.0550250038610101,
          -0.31495119445727005,
          -1.2204324738805903
        ],
        [
          -0.020504855045288012,
          0.9935092463270636,
          0.11188801725342498,
          0.43878134842437755
        ],
        [
          0.0,
          0.0,
          0.0,
          1.0
        ]
      ]
    },
    {
      "file_path": "./images/0007.jpg",
      "sharpness": 67.74623308947527,
      "transform_matrix": [
        [
          0.38280489619228164,
          -0.09708852997867416,
          0.9187133550898693,
          3.6757319843042877
        ],
        [
          0.9235850393536134,
          0.06308235914665564,
          -0.3781683369171588,
          -1.4741949051300278
        ],
        [
          -0.021238797902841184,
          0.993274601172148,
          0.11381774972583808,
          0.4516674995383269
        ],
        [
          0.0,
          0.0,
          0.0,
          1.0
        ]
      ]
    },
    {
      "file_path": "./images/0023.jpg",
      "sharpness": 91.75290122411539,
      "transform_matrix": [
        [
          -0.22659752653578666,
          -0.11839430639776824,
          0.9667659226530186,
          3.8308086100997434
        ],
        [
          0.9739781504125911,
          -0.022972465152016217,
          0.22547467344187616,
          0.9295306613953347
        ],
        [
          -0.004485921104110958,
          0.9927008885259028,
          0.12051897134655641,
          0.4586650467522657
        ],
        [
          0.0,
          0.0,
          0.0,
          1.0
        ]
      ]
    },
    {
      "file_path": "./images/0004.jpg",
      "sharpness": 69.1488680663167,
      "transform_matrix": [
        [
          0.4324264738363512,
          -0.09402079004846105,
          0.8967538323234593,
          3.5923669226966415
        ],
        [
          0.901387013266202,
          0.06995683102686762,
          -0.4273259810820399,
          -1.6697571760419674
        ],
        [
          -0.02255652997098105,
          0.993109325731029,
          0.11500030488842482,
          0.45381719940427206
        ],
        [
          0.0,
          0.0,
          0.0,
          1.0
        ]
      ]
    },
    {
      "file_path": "./images/0015.jpg",
      "sharpness": 74.4662868285852,
      "transform_matrix": [
        [
          0.09183534225022374,
          -0.10251109577880937,
          0.9904835915746912,
          3.954793498413904
        ],
        [
          0.9956658063818472,
          0.02412960110055458,
          -0.08981850785181847,
          -0.31857046658867844
        ],
        [
          -0.014692580300234414,
          0.9944391573221796,
          0.10428274301712587,
          0.43367749830449615
        ],
        [
          0.0,
          0.0,
          0.0,
          1.0
        ]
      ]
    },
    {
      "file_path": "./images/0018.jpg",
      "sharpness": 78.82086370643438,
      "transform_matrix": [
        [
          -0.021548319273438466,
          -0.11382226148637047,
          0.9932674175413718,
          3.9443503500513835
        ],
        [
          0.9997237495883764,
          0.006873863891441044,
          0.0224760873857645,
          0.12320102079682298
        ],
        [
          -0.009385864131595532,
          0.9934773489154302,
          0.11364269782600803,
          0.45321839795899116
        ],
        [
          0.0,
          0.0,
          0.0,
          1.0
        ]
      ]
    },
    {
      "file_path": "./images/0017.jpg",
      "sharpness": 74.33956629999784,
      "transform_matrix": [
        [
          0.009830213926222785,
          -0.10844083367414097,
          0.9940543005836803,
          3.956362291887625
        ],
        [
          0.9998674880782502,
          0.013965923364665405,
          -0.008364165748952481,
          0.004830247573660653
        ],
        [
          -0.012975869075462642,
          0.9940047980766128,
          0.10856375198522662,
          0.4435400324723862
        ],
        [
          0.0,
          0.0,
          0.0,
          1.0
        ]
      ]
    },
    {
      "file_path": "./images/0001.jpg",
      "sharpness": 74.6654995932664,
      "transform_matrix": [
        [
          0.464513936928622,
          -0.09295520302023932,
          0.8806736811403111,
          3.542551031578136
        ],
        [
          0.8852661856821754,
          0.07460937809065239,
          -0.4590612390397077,
          -1.7875028311493444
        ],
        [
          -0.023034384977025427,
          0.9928709739714293,
          0.11694719396572457,
          0.4535077461246555
        ],
        [
          0.0,
          0.0,
          0.0,
          1.0
        ]
      ]
    },
    {
      "file_path": "./images/0002.jpg",
      "sharpness": 70.65610672601254,
      "transform_matrix": [
        [
          0.458194531023059,
          -0.09269731521358883,
          0.8840050788968575,
          3.5522335860790557
        ],
        [
          0.888536615727547,
          0.07425663911119978,
          -0.4527567051511878,
          -1.7645062173521984
        ],
        [
          -0.02367391510364607,
          0.992921527273271,
          0.1163889446798167,
          0.452965209926507
        ],
        [
          0.0,
          0.0,
          0.0,
          1.0
        ]
      ]
    },
    {
      "file_path": "./images/0014.jpg",
      "sharpness": 70.73996629247931,
      "transform_matrix": [
        [
          0.12967520149439765,
          -0.09959354534437147,
          0.9865421774388633,
          3.947537964408311
        ],
        [
          0.991418564241877,
          0.029619493963410036,
          -0.12732602268955104,
          -0.4657971797878409
        ],
        [
          -0.016540030055049528,
          0.9945872567682409,
          0.10257980358094236,
          0.4222881967823297
        ],
        [
          0.0,
          0.0,
          0.0,
          1.0
        ]
      ]
    },
    {
      "file_path": "./images/0010.jpg",
      "sharpness": 70.60412177707558,
      "transform_matrix": [
        [
          0.2742246957326728,
          -0.1007536227526596,
          0.9563731090820283,
          3.8248652959025504
        ],
        [
          0.96148378204505,
          0.048065218096276674,
          -0.2706264430422812,
          -1.0425485885205346
        ],
        [
          -0.018701687520265735,
          0.993749687966857,
          0.11005364406674348,
          0.43405386603216767
        ],
        [
          0.0,
          0.0,
          0.0,
          1.0
        ]
      ]
    },
    {
      "file_path": "./images/0020.jpg",
      "sharpness": 92.98428880595331,
      "transform_matrix": [
        [
          -0.08225987755868505,
          -0.11876060753319795,
          0.9895095909919538,
          3.928936199266949
        ],
        [
          0.9965808865721684,
          -0.0020949452086452807,
          0.08259629364334202,
          0.36144461564871677
        ],
        [
          -0.007736217636516578,
          0.9929207064643274,
          0.11852688148163912,
          0.4543392429996655
        ],
        [
          0.0,
          0.0,
          0.0,
          1.0
        ]
      ]
    },
    {
      "file_path": "./images/0013.jpg",
      "sharpness": 70.15868975538697,
      "transform_matrix": [
        [
          0.16861621166666377,
          -0.09965006962335436,
          0.9806316519519096,
          3.9257064990156283
        ],
        [
          0.9855138718904999,
          0.035406396675288804,
          -0.16585775648392354,
          -0.6193795130867839
        ],
        [
          -0.018192896280156707,
          0.9943924027873547,
          0.10417661842482431,
          0.42195789881155643
        ],
        [
          0.0,
          0.0,
          0.0,
          1.0
        ]
      ]
    },
    {
      "file_path": "./images/0008.jpg",
      "sharpness": 67.35527231161744,
      "transform_matrix": [
        [
          0.3538019520896949,
          -0.0986574308710508,
          0.9301026233992316,
          3.7186370151549
        ],
        [
          0.9351035859469568,
          0.05871877368847874,
          -0.3494758778022836,
          -1.3596390447633753
        ],
        [
          -0.02013609319506122,
          0.9933875462140012,
          0.11302973414313046,
          0.45248891250471185
        ],
        [
          0.0,
          0.0,
          0.0,
          1.0
        ]
      ]
    },
    {
      "file_path": "./images/0024.jpg",
      "sharpness": 95.22508955171526,
      "transform_matrix": [
        [
          -0.29973083513983323,
          -0.11530689890002781,
          0.947029960220438,
          3.7500775366847283
        ],
        [
          0.9540169711653653,
          -0.032468214548422206,
          0.29798898263612633,
          1.2193942581090587
        ],
        [
          -0.0036118135619250505,
          0.992799140880354,
          0.11973646350517343,
          0.4582440230658235
        ],
        [
          0.0,
          0.0,
          0.0,
          1.0
        ]
      ]
    },
    {
      "file_path": "./images/0011.jpg",
      "sharpness": 72.9128252051862,
      "transform_matrix": [
        [
          0.23565683360708087,
          -0.1002203122272952,
          0.9666549259244664,
          3.872846924653079
        ],
        [
          0.9716169605888729,
          0.04542961916315148,
          -0.23215648084588286,
          -0.8831705660202699
        ],
        [
          -0.020647970150968423,
          0.9939275822424959,
          0.10808155535951636,
          0.41913059975170247
        ],
        [
          0.0,
          0.0,
          0.0,
          1.0
        ]
      ]
    },
    {
      "file_path": "./images/0019.jpg",
      "sharpness": 88.04286789253814,
      "transform_matrix": [
        [
          -0.048901034067164804,
          -0.1165949024120201,
          0.9919749581624434,
          3.9353244218106327
        ],
        [
          0.9987730677218389,
          0.0020609361157034683,
          0.04947839665800571,
          0.2280893134448383
        ],
        [
          -0.007813325846993813,
          0.9931774168277084,
          0.11635106645557756,
          0.4567816521495683
        ],
        [
          0.0,
          0.0,
          0.0,
          1.0
        ]
      ]
    },
    {
      "file_path": "./images/0021.jpg",
      "sharpness": 90.29102271500199,
      "transform_matrix": [
        [
          -0.12329088068807965,
          -0.11949048086962422,
          0.9851504371127241,
          3.9060001585275885
        ],
        [
          0.9923473299444536,
          -0.008050267681542688,
          0.1232151368232909,
          0.5224344368675762
        ],
        [
          -0.006792311224085364,
          0.9928027085954689,
          0.11956858423698266,
          0.45803683493264424
        ],
        [
          0.0,
          0.0,
          0.0,
          1.0
        ]
      ]
    },
    {
      "file_path": "./images/0022.jpg",
      "sharpness": 91.09892890216206,
      "transform_matrix": [
        [
          -0.16962610842445713,
          -0.11954460379620375,
          0.9782310928746186,
          3.875677681885636
        ],
        [
          0.985494595071976,
          -0.01530483010706026,
          0.16901528114146738,
          0.7033088640422036
        ],
        [
          -0.005233204137670797,
          0.9927108591635814,
          0.12040665968233781,
          0.46065363649110586
        ],
        [
          0.0,
          0.0,
          0.0,
          1.0
        ]
      ]
    },
    {
      "file_path": "./images/0026.jpg",
      "sharpness": 95.28278594372325,
      "transform_matrix": [
        [
          -0.4501296514437224,
          -0.10632715438169901,
          0.8866103051256121,
          3.500993189456365
        ],
        [
          0.8929630913451165,
          -0.05411278776457614,
          0.4468654424944182,
          1.8090121480200236
        ],
        [
          0.00046302437919807407,
          0.992857664755661,
          0.11930399476572824,
          0.46887220617583386
        ],
        [
          0.0,
          0.0,
          0.0,
          1.0
        ]
      ]
    },
    {
      "file_path": "./images/0028.jpg",
      "sharpness": 98.31701244036931,
      "transform_matrix": [
        [
          -0.5539739690767022,
          -0.09884704756774229,
          0.8266450887746405,
          3.2621194125505095
        ],
        [
          0.8325271193021472,
          -0.06980641559303033,
          0.5495686126122331,
          2.218420687128754
        ],
        [
          0.003381895822320414,
          0.9926511600515946,
          0.12096378487618367,
          0.4713153213612438
        ],
        [
          0.0,
          0.0,
          0.0,
          1.0
        ]
      ]
    },
    {
      "file_path": "./images/0029.jpg",
      "sharpness": 97.07849825158607,
      "transform_matrix": [
        [
          -0.6052434605495757,
          -0.09436917321414925,
          0.7904269812142929,
          3.1219637555432027
        ],
        [
          0.7960363603484378,
          -0.07492210973418133,
          0.6005936983320789,
          2.428832821650585
        ],
        [
          0.002542926274168378,
          0.992714025609804,
          0.12046741014167371,
          0.46257716642833957
        ],
        [
          0.0,
          0.0,
          0.0,
          1.0
        ]
      ]
    },
    {
      "file_path": "./images/0030.jpg",
      "sharpness": 93.65899825687254,
      "transform_matrix": [
        [
          -0.650893485985895,
          -0.08852878235022471,
          0.7539896051136276,
          2.9723294173849286
        ],
        [
          0.7591588654784853,
          -0.08104982709234523,
          0.645839564051114,
          2.605304394344166
        ],
        [
          0.0039353369248400286,
          0.9927706584334731,
          0.11996221446587904,
          0.4711939841930491
        ],
        [
          0.0,
          0.0,
          0.0,
          1.0
        ]
      ]
    },
    {
      "file_path": "./images/0027.jpg",
      "sharpness": 99.22807868547032,
      "transform_matrix": [
        [
          -0.5043127131844483,
          -0.10231236208477036,
          0.857438550514183,
          3.384229965102512
        ],
        [
          0.8635176244846879,
          -0.06256866011970669,
          0.5004222966407066,
          2.0209598801628545
        ],
        [
          0.002449394031459516,
          0.9927826264384692,
          0.11990269860814308,
          0.4704308170467248
        ],
        [
          0.0,
          0.0,
          0.0,
          1.0
        ]
      ]
    },
    {
      "file_path": "./images/0031.jpg",
      "sharpness": 94.92736722969133,
      "transform_matrix": [
        [
          -0.6869318157330928,
          -0.08310891486640085,
          0.721954007417407,
          2.8373283887896554
        ],
        [
          0.7266949032777149,
          -0.08711420924757646,
          0.6814144349053484,
          2.7382862746756853
        ],
        [
          0.006260838210001085,
          0.9927255526274215,
          0.12023634678494538,
          0.4815957655905177
        ],
        [
          0.0,
          0.0,
          0.0,
          1.0
        ]
      ]
    },
    {
      "file_path": "./images/0025.jpg",
      "sharpness": 96.7754445420858,
      "transform_matrix": [
        [
          -0.3826176071927509,
          -0.11065595740538628,
          0.9172562487001541,
          3.6280396044420904
        ],
        [
          0.9239054187767234,
          -0.04411202334082235,
          0.3800696075086767,
          1.5457776564596932
        ],
        [
          -0.0015949372473856918,
          0.9928793423725398,
          0.11911367548585898,
          0.4604458496573801
        ],
        [
          0.0,
          0.0,
          0.0,
          1.0
        ]
      ]
    },
    {
      "file_path": "./images/0032.jpg",
      "sharpness": 97.88527628413256,
      "transform_matrix": [
        [
          -0.7163229949408462,
          -0.07995912259639709,
          0.6931723491710257,
          2.7140404287656907
        ],
        [
          0.6977265929719062,
          -0.09301302589198657,
          0.7103000622794887,
          2.844888867586574
        ],
        [
          0.00767908790101959,
          0.9924490494481456,
          0.12241697546166544,
          0.49696329649822435
        ],
        [
          0.0,
          0.0,
          0.0,
          1.0
        ]
      ]
    },
    {
      "file_path": "./images/0033.jpg",
      "sharpness": 99.59938847897278,
      "transform_matrix": [
        [
          -0.7431299953953813,
          -0.07813641409341206,
          0.6645694175622072,
          2.594716486435475
        ],
        [
          0.6690743348205674,
          -0.10140974382796362,
          0.7362442518221621,
          2.938625060128067
        ],
        [
          0.009866328656611559,
          0.991771528464005,
          0.12763969174873555,
          0.5099369512117363
        ],
        [
          0.0,
          0.0,
          0.0,
          1.0
        ]
      ]
    },
    {
      "file_path": "./images/0040.jpg",
      "sharpness": 119.73486639620094,
      "transform_matrix": [
        [
          -0.9261485702973634,
          -0.03620077650513528,
          0.37541754026585167,
          1.4519469698934082
        ],
        [
          0.3769626002120199,
          -0.12095745450695719,
          0.9182965165133774,
          3.674631241230035
        ],
        [
          0.012166503088075422,
          0.9919973780217298,
          0.12567091239949685,
          0.5046203796207313
        ],
        [
          0.0,
          0.0,
          0.0,
          1.0
        ]
      ]
    },
    {
      "file_path": "./images/0035.jpg",
      "sharpness": 102.15421157722007,
      "transform_matrix": [
        [
          -0.7949131618309708,
          -0.07195072849611821,
          0.6024418294237661,
          2.3490069327491194
        ],
        [
          0.6065972074000513,
          -0.11448456529909765,
          0.786723021325008,
          3.137566075364385
        ],
        [
          0.012364996450571477,
          0.9908160157161113,
          0.13465039875889462,
          0.5142904270610167
        ],
        [
          0.0,
          0.0,
          0.0,
          1.0
        ]
      ]
    },
    {
      "file_path": "./images/0034.jpg",
      "sharpness": 95.39265328458633,
      "transform_matrix": [
        [
          -0.765849473925361,
          -0.07557679750142993,
          0.6385630203749381,
          2.488997355162613
        ],
        [
          0.642908145444834,
          -0.10851109183882124,
          0.758217949845982,
          3.0220596499008114
        ],
        [
          0.01198748609132081,
          0.9912181851892145,
          0.13169210132013187,
          0.513722368342135
        ],
        [
          0.0,
          0.0,
          0.0,
          1.0
        ]
      ]
    },
    {
      "file_path": "./images/0039.jpg",
      "sharpness": 110.95277150656183,
      "transform_matrix": [
        [
          -0.9105915529705946,
          -0.04205086611066909,
          0.4111626786816033,
          1.5938999534728753
        ],
        [
          0.4131694168411073,
          -0.11832037778504985,
          0.9029348377308274,
          3.6146857988134977
        ],
        [
          0.010679731504642541,
          0.9920846802982717,
          0.1251156683839646,
          0.5073905091831132
        ],
        [
          0.0,
          0.0,
          0.0,
          1.0
        ]
      ]
    },
    {
      "file_path": "./images/0038.jpg",
      "sharpness": 110.43165698057993,
      "transform_matrix": [
        [
          -0.8875242007395334,
          -0.046641647549568586,
          0.458394316978518,
          1.7879654931918814
        ],
        [
          0.46058839088034437,
          -0.11704513295342449,
          0.8798629274143691,
          3.5324101234831384
        ],
        [
          0.012614567223452092,
          0.9920307422596142,
          0.12536298946780447,
          0.4916304341618865
        ],
        [
          0.0,
          0.0,
          0.0,
          1.0
        ]
      ]
    },
    {
      "file_path": "./images/0037.jpg",
      "sharpness": 117.44286959794474,
      "transform_matrix": [
        [
          -0.8595289577927324,
          -0.05642707109158573,
          0.5079625541183643,
          1.9825841359018785
        ],
        [
          0.5109681897234137,
          -0.11630862136891575,
          0.8516946716318314,
          3.415277704051071
        ],
        [
          0.011021788592046087,
          0.9916089401904736,
          0.12880306647459563,
          0.4905675969601421
        ],
        [
          0.0,
          0.0,
          0.0,
          1.0
        ]
      ]
    },
    {
      "file_path": "./images/0036.jpg",
      "sharpness": 107.27299412561018,
      "transform_matrix": [
        [
          -0.8290523238648161,
          -0.06647995223704446,
          0.5552050614571126,
          2.159637465665552
        ],
        [
          0.5590407766638161,
          -0.11997340941276505,
          0.8204144020316853,
          3.271247066818738
        ],
        [
          0.012068733884583693,
          0.9905487353011982,
          0.13662923800680862,
          0.516801867139619
        ],
        [
          0.0,
          0.0,
          0.0,
          1.0
        ]
      ]
    },
    {
      "file_path": "./images/0046.jpg",
      "sharpness": 97.81642312657861,
      "transform_matrix": [
        [
          -0.9921013576043983,
          -0.003547783166470805,
          0.12538863384214977,
          0.45088508116501264
        ],
        [
          0.12472141335022506,
          -0.13465319996292335,
          0.983012250580673,
          3.9178195094106387
        ],
        [
          0.013396466470780015,
          0.9908864359736882,
          0.13403210701977522,
          0.5431966740557901
        ],
        [
          0.0,
          0.0,
          0.0,
          1.0
        ]
      ]
    },
    {
      "file_path": "./images/0041.jpg",
      "sharpness": 119.44541424733019,
      "transform_matrix": [
        [
          -0.9391542882550538,
          -0.03292446591392662,
          0.341914027818564,
          1.3188995790065943
        ],
        [
          0.3433200650910958,
          -0.12179075425435903,
          0.9312885401872039,
          3.7347615882351706
        ],
        [
          0.010979789540744684,
          0.9920095724058295,
          0.12568393890845764,
          0.4965497917547013
        ],
        [
          0.0,
          0.0,
          0.0,
          1.0
        ]
      ]
    },
    {
      "file_path": "./images/0045.jpg",
      "sharpness": 107.24540554780243,
      "transform_matrix": [
        [
          -0.9862366558688475,
          -0.00833406900927374,
          0.16512965190137283,
          0.6097418854288016
        ],
        [
          0.1647685437095889,
          -0.13249171320541694,
          0.9773931005157178,
          3.8974096190511403
        ],
        [
          0.01373264893254093,
          0.9911490751889667,
          0.1320413765758781,
          0.5337350945015884
        ],
        [
          0.0,
          0.0,
          0.0,
          1.0
        ]
      ]
    },
    {
      "file_path": "./images/0043.jpg",
      "sharpness": 124.29017357163411,
      "transform_matrix": [
        [
          -0.9658458435275342,
          -0.02158401403024773,
          0.2582168408559286,
          0.9825627698138358
        ],
        [
          0.25884492947871124,
          -0.12605315889112664,
          0.9576585527299083,
          3.829741629891938
        ],
        [
          0.011878932830467936,
          0.9917886526343443,
          0.1273348321680375,
          0.5189682937893276
        ],
        [
          0.0,
          0.0,
          0.0,
          1.0
        ]
      ]
    },
    {
      "file_path": "./images/0042.jpg",
      "sharpness": 119.89712094153887,
      "transform_matrix": [
        [
          -0.9529734987381259,
          -0.02645699829911137,
          0.3018965683251538,
          1.1589424804098354
        ],
        [
          0.30280623485717834,
          -0.12337302692545557,
          0.9450330578127326,
          3.7829481588872564
        ],
        [
          0.01224315544952632,
          0.9920076226978319,
          0.12558256915964108,
          0.5118918458951794
        ],
        [
          0.0,
          0.0,
          0.0,
          1.0
        ]
      ]
    },
    {
      "file_path": "./images/0048.jpg",
      "sharpness": 82.90926101061848,
      "transform_matrix": [
        [
          -0.9986631912819932,
          0.005693114356874536,
          0.051375274695834014,
          0.15320264520687168
        ],
        [
          0.05000769455630048,
          -0.1450764052899594,
          0.9881558921108147,
          3.92662371541484
        ],
        [
          0.013079024669861987,
          0.9894040757442267,
          0.14459776636275803,
          0.5700988171710213
        ],
        [
          0.0,
          0.0,
          0.0,
          1.0
        ]
      ]
    },
    {
      "file_path": "./images/0044.jpg",
      "sharpness": 121.91600031960343,
      "transform_matrix": [
        [
          -0.9771770998144023,
          -0.014933869371682455,
          0.21190067287904146,
          0.7969219686754098
        ],
        [
          0.21203328586467354,
          -0.12921774549674886,
          0.9686819188640715,
          3.865579443916354
        ],
        [
          0.012915157979647027,
          0.9915037840657227,
          0.12943509918262028,
          0.5291516812205144
        ],
        [
          0.0,
          0.0,
          0.0,
          1.0
        ]
      ]
    },
    {
      "file_path": "./images/0047.jpg",
      "sharpness": 86.47934751118315,
      "transform_matrix": [
        [
          -0.9959158695525088,
          0.0020219070564899233,
          0.09026346264138808,
          0.30898775469443446
        ],
        [
          0.08908710671301168,
          -0.14038282215708953,
          0.9860812089583337,
          3.9127091745911273
        ],
        [
          0.014665204177933959,
          0.990095235397747,
          0.13962935454910771,
          0.5673318634899691
        ],
        [
          0.0,
          0.0,
          0.0,
          1.0
        ]
      ]
    },
    {
      "file_path": "./images/0051.jpg",
      "sharpness": 70.18410096234791,
      "transform_matrix": [
        [
          -0.9924740031607548,
          0.029974843006850067,
          -0.1187302061796736,
          -0.525681213784988
        ],
        [
          -0.12190865473438646,
          -0.1503247951760576,
          0.9810916042124411,
          3.8929875929112487
        ],
        [
          0.011559972886436008,
          0.9881821516118292,
          0.15284764402954198,
          0.5917723140330128
        ],
        [
          0.0,
          0.0,
          0.0,
          1.0
        ]
      ]
    },
    {
      "file_path": "./images/0050.jpg",
      "sharpness": 77.9679050921005,
      "transform_matrix": [
        [
          -0.9983323283914507,
          0.02056836953806251,
          -0.05393982096501516,
          -0.2679082897299084
        ],
        [
          -0.056418187129696505,
          -0.14969287285827632,
          0.9871215892565858,
          3.9139752724421317
        ],
        [
          0.012229074865114735,
          0.9885185815209433,
          0.15060366442575954,
          0.5894682163870582
        ],
        [
          0.0,
          0.0,
          0.0,
          1.0
        ]
      ]
    },
    {
      "file_path": "./images/0049.jpg",
      "sharpness": 83.94398326771477,
      "transform_matrix": [
        [
          -0.9999243263438631,
          0.011912960800934382,
          0.0030696862078506077,
          -0.04072591868483509
        ],
        [
          0.00127623910588824,
          -0.14772660686400532,
          0.9890274115706829,
          3.9202948086495515
        ],
        [
          0.012235719112714044,
          0.9889564859040112,
          0.14770022406511418,
          0.5833052072353517
        ],
        [
          0.0,
          0.0,
          0.0,
          1.0
        ]
      ]
    },
    {
      "file_path": "./images/0054.jpg",
      "sharpness": 81.56508467712169,
      "transform_matrix": [
        [
          -0.9576421010549618,
          0.05462366418402659,
          -0.28273284496293705,
          -1.178581031417046
        ],
        [
          -0.2877799099045786,
          -0.14671515156929743,
          0.946391772869631,
          3.7558933693496117
        ],
        [
          0.010214194185400224,
          0.9876694384425037,
          0.15622019916295637,
          0.6105322931186314
        ],
        [
          0.0,
          0.0,
          0.0,
          1.0
        ]
      ]
    },
    {
      "file_path": "./images/0053.jpg",
      "sharpness": 81.11584848606769,
      "transform_matrix": [
        [
          -0.9711039269978758,
          0.04782246333283105,
          -0.23381654131556062,
          -0.9838033022815914
        ],
        [
          -0.23838929733072303,
          -0.14798219844135685,
          0.9598290534582914,
          3.81327958603428
        ],
        [
          0.011300703898964003,
          0.987833124048518,
          0.15510645746271856,
          0.5983304844097873
        ],
        [
          0.0,
          0.0,
          0.0,
          1.0
        ]
      ]
    },
    {
      "file_path": "./images/0057.jpg",
      "sharpness": 92.28955623426717,
      "transform_matrix": [
        [
          -0.8839808227382568,
          0.07919665676313171,
          -0.460766529395555,
          -1.8883578231758453
        ],
        [
          -0.467474300777811,
          -0.135479400571935,
          0.8735634551267465,
          3.4610990338087184
        ],
        [
          0.0067589319103676625,
          0.9876098529280216,
          0.15678359372595024,
          0.6202908357465832
        ],
        [
          0.0,
          0.0,
          0.0,
          1.0
        ]
      ]
    },
    {
      "file_path": "./images/0052.jpg",
      "sharpness": 80.88552123040976,
      "transform_matrix": [
        [
          -0.9826629632185405,
          0.03893622731136009,
          -0.1812662984230731,
          -0.7761594073018676
        ],
        [
          -0.18509874415473282,
          -0.15023595136140505,
          0.9711681696961074,
          3.855852805434956
        ],
        [
          0.010580909819494378,
          0.9878831556127917,
          0.15483835192421083,
          0.6011038534792053
        ],
        [
          0.0,
          0.0,
          0.0,
          1.0
        ]
      ]
    },
    {
      "file_path": "./images/0055.jpg",
      "sharpness": 86.078307984068,
      "transform_matrix": [
        [
          -0.9413539949000899,
          0.0619544161058507,
          -0.33168404639553145,
          -1.3756286348026159
        ],
        [
          -0.3372739147659537,
          -0.14378734588476066,
          0.9303609544590087,
          3.6976063470952556
        ],
        [
          0.009948000997658527,
          0.9876673779722814,
          0.15625040092175949,
          0.60574880787565
        ],
        [
          0.0,
          0.0,
          0.0,
          1.0
        ]
      ]
    },
    {
      "file_path": "./images/0056.jpg",
      "sharpness": 88.92858718241253,
      "transform_matrix": [
        [
          -0.9173112064344987,
          0.07001554797285585,
          -0.3919668016738567,
          -1.6150280182965724
        ],
        [
          -0.39808082382190996,
          -0.14031549838261323,
          0.9065556897504538,
          3.5963882243536047
        ],
        [
          0.008473976259482105,
          0.9876281607862164,
          0.1565848261201899,
          0.6159681085136818
        ],
        [
          0.0,
          0.0,
          0.0,
          1.0
        ]
      ]
    },
    {
      "file_path": "./images/0059.jpg",
      "sharpness": 82.63787566379547,
      "transform_matrix": [
        [
          -0.8058317061164717,
          0.09518308330013261,
          -0.5844445586140604,
          -2.3811227765864245
        ],
        [
          -0.5921391986715806,
          -0.12530369749792641,
          0.7960340148448052,
          3.143030227142925
        ],
        [
          0.0025359077678266673,
          0.9875419809148299,
          0.15733532700988712,
          0.6324382879604077
        ],
        [
          0.0,
          0.0,
          0.0,
          1.0
        ]
      ]
    },
    {
      "file_path": "./images/0058.jpg",
      "sharpness": 91.6319202614383,
      "transform_matrix": [
        [
          -0.8443488349088932,
          0.08831868320526333,
          -0.5284646205826551,
          -2.1613292387043104
        ],
        [
          -0.5357703260193023,
          -0.12993232747946637,
          0.8343067469659775,
          3.3033702277145887
        ],
        [
          0.005020235138444395,
          0.9875815918165892,
          0.1570267390187677,
          0.622113659311553
        ],
        [
          0.0,
          0.0,
          0.0,
          1.0
        ]
      ]
    },
    {
      "file_path": "./images/0061.jpg",
      "sharpness": 81.39669113110317,
      "transform_matrix": [
        [
          -0.7192669833789905,
          0.11141359473060199,
          -0.6857419467648013,
          -2.783339211398405
        ],
        [
          -0.6947337218899506,
          -0.114993322156857,
          0.7100152051387905,
          2.797198509318229
        ],
        [
          0.00024960171710331424,
          0.987098549685364,
          0.16011368127282063,
          0.6300054387193603
        ],
        [
          0.0,
          0.0,
          0.0,
          1.0
        ]
      ]
    },
    {
      "file_path": "./images/0066.jpg",
      "sharpness": 99.94915790570208,
      "transform_matrix": [
        [
          -0.4474987418111835,
          0.13729893607791205,
          -0.8836820006382212,
          -3.582419643696031
        ],
        [
          -0.8942712837725579,
          -0.0740877306225169,
          0.4413500642245336,
          1.6952324471029105
        ],
        [
          -0.0048730997633047645,
          0.987755035596208,
          0.1559366620642229,
          0.6266743347036204
        ],
        [
          0.0,
          0.0,
          0.0,
          1.0
        ]
      ]
    },
    {
      "file_path": "./images/0062.jpg",
      "sharpness": 90.47033031238024,
      "transform_matrix": [
        [
          -0.6673328417706443,
          0.11552558843469758,
          -0.7357450079571186,
          -3.0073589608092375
        ],
        [
          -0.7447591946509189,
          -0.10455994780353725,
          0.6590910098751528,
          2.581926294335823
        ],
        [
          -0.0007875828808633403,
          0.9877859362000476,
          0.15581503130732366,
          0.6217709217691118
        ],
        [
          0.0,
          0.0,
          0.0,
          1.0
        ]
      ]
    },
    {
      "file_path": "./images/0063.jpg",
      "sharpness": 96.48573627413927,
      "transform_matrix": [
        [
          -0.6103542132127747,
          0.1209501283913965,
          -0.7828402141422006,
