{
    "camera_angle_x": 1.1114183555538046,
    "camera_angle_y": 0.6488195816895477,
    "fl_x": 1545.923249064969,
    "fl_y": 1605.7537421038273,
    "k1": -0.09024914027071672,
    "k2": 0.1383532499145996,
    "k3": 0,
    "k4": 0,
    "p1": 0.004824967998627202,
    "p2": 0.0011061856964412024,
    "is_fisheye": false,
    "cx": 959.183623565647,
    "cy": 539.5142014150402,
    "w": 1920.0,
    "h": 1080.0,
    "aabb_scale": 16,
    "frames": [
        {
            "file_path": "images/0001.jpg",
            "sharpness": 85.6448832892375,
            "transform_matrix": [
                [
                    -0.9426239861609137,
                    -0.011712704552623968,
                    0.3336507654077446,
                    1.1815649215719275
                ],
                [
                    0.33379145512259095,
                    -0.013369327319036199,
                    0.942552134141223,
                    3.7123793688857747
                ],
                [
                    -0.006579148379658422,
                    0.9998420243368931,
                    0.016511849305801324,
                    -0.07537300568154247
                ],
                [
                    0.0,
                    0.0,
                    0.0,
                    1.0
                ]
            ]
        },
        {
            "file_path": "images/0006.jpg",
            "sharpness": 87.66084973993281,
            "transform_matrix": [
                [
                    -0.9928597827254733,
                    -0.004524212147773508,
                    0.11920144018328444,
                    0.3327538747938903
                ],
                [
                    0.11924206472218482,
                    -0.010135178248501306,
                    0.9928134810540472,
                    3.8816005862985943
                ],
                [
                    -0.003283570967722574,
                    0.9999384029315553,
                    0.01060228727143268,
                    -0.06796731681055608
                ],
                [
                    0.0,
                    0.0,
                    0.0,
                    1.0
                ]
            ]
        },
        {
            "file_path": "images/0003.jpg",
            "sharpness": 78.29115300211384,
            "transform_matrix": [
                [
                    -0.9677673692259643,
                    -0.005928544310111493,
                    0.25177603423443673,
                    0.865359956578971
                ],
                [
                    0.2517935040622447,
                    -0.0023999667874155697,
                    0.9677780073299193,
                    3.8107820419537233
                ],
                [
                    -0.005133260678777168,
                    0.9999795460472071,
                    0.00381537848991815,
                    -0.08693442623771765
                ],
                [
                    0.0,
                    0.0,
                    0.0,
                    1.0
                ]
            ]
        },
        {
            "file_path": "images/0002.jpg",
            "sharpness": 83.74735609768003,
            "transform_matrix": [
                [
                    -0.9570396951430151,
                    -0.007911240803475914,
                    0.2898489851293531,
                    1.0104655929294748
                ],
                [
                    0.28991279514461843,
                    -0.008667279160012031,
                    0.9570138188570692,
                    3.7736153150694163
                ],
                [
                    -0.0050589647048702325,
                    0.9999311428953036,
                    0.010588500139415239,
                    -0.08892525836059187
                ],
                [
                    0.0,
                    0.0,
                    0.0,
                    1.0
                ]
            ]
        },
        {
            "file_path": "images/0007.jpg",
            "sharpness": 87.51159717386292,
            "transform_matrix": [
                [
                    -0.9984750707427965,
                    -0.0028309643460292223,
                    0.05513183052502439,
                    0.08947553078167637
                ],
                [
                    0.05516402621045011,
                    -0.012946453213139265,
                    0.9983933691493782,
                    3.894142583746401
                ],
                [
                    -0.002112654366927134,
                    0.9999121836346775,
                    0.013082878179242748,
                    -0.07222428202060535
                ],
                [
                    0.0,
                    0.0,
                    0.0,
                    1.0
                ]
            ]
        },
        {
            "file_path": "images/0008.jpg",
            "sharpness": 85.18909018309839,
            "transform_matrix": [
                [
                    -0.9998976120392223,
                    -0.0008279233827177249,
                    -0.014285656167441345,
                    -0.18338438021760306
                ],
                [
                    -0.014277200390421501,
                    -0.009449694028021165,
                    0.9998534216732884,
                    3.9010635709451944
                ],
                [
                    -0.0009627971068656759,
                    0.9999550078961782,
                    0.009436906065076682,
                    -0.0881703931843994
                ],
                [
                    0.0,
                    0.0,
                    0.0,
                    1.0
                ]
            ]
        },
        {
            "file_path": "images/0009.jpg",
            "sharpness": 87.0635353517353,
            "transform_matrix": [
                [
                    -0.996472527816738,
                    6.717026706875566e-05,
                    -0.08391958523298862,
                    -0.45186258368359
                ],
                [
                    -0.08391922883057443,
                    -0.003819924567743246,
                    0.9964652383343697,
                    3.88496786056811
                ],
                [
                    -0.0002536336491628492,
                    0.9999927018010919,
                    0.003812086767101116,
                    -0.08472783519052905
                ],
                [
                    0.0,
                    0.0,
                    0.0,
                    1.0
                ]
            ]
        },
        {
            "file_path": "images/0010.jpg",
            "sharpness": 90.68308275380897,
            "transform_matrix": [
                [
                    -0.9878701599418024,
                    0.0013766524282950723,
                    -0.15527605068281128,
                    -0.7336201630815609
                ],
                [
                    -0.1552771579290519,
                    -0.0007369927426341668,
                    0.9878706702130434,
                    3.84963118872692
                ],
                [
                    0.001245517234531952,
                    0.9999987808296492,
                    0.0009418158150637247,
                    -0.09229542638859613
                ],
                [
                    0.0,
                    0.0,
                    0.0,
                    1.0
                ]
            ]
        },
        {
            "file_path": "images/0004.jpg",
            "sharpness": 85.7665885415541,
            "transform_matrix": [
                [
                    -0.9754995882570455,
                    -0.006026673590722932,
                    0.2199186952188624,
                    0.7408483366672821
                ],
                [
                    0.21994686504615676,
                    -0.004488994645648797,
                    0.9755015251056416,
                    3.8329386649036747
                ],
                [
                    -0.004891815433748756,
                    0.9999717636631038,
                    0.005704560391454506,
                    -0.07658510148262769
                ],
                [
                    0.0,
                    0.0,
                    0.0,
                    1.0
                ]
            ]
        },
        {
            "file_path": "images/0018.jpg",
            "sharpness": 58.81761259953169,
            "transform_matrix": [
                [
                    -0.6735071327120736,
                    -0.038977711588658336,
                    -0.7381523421193441,
                    -3.0476315534167484
                ],
                [
                    -0.7391688163796135,
                    0.04118222716682,
                    0.6722599832338194,
                    2.6045907796761005
                ],
                [
                    0.004195601697794831,
                    0.9983910867770722,
                    -0.05654763267799691,
                    -0.2089346297078196
                ],
                [
                    0.0,
                    0.0,
                    0.0,
                    1.0
                ]
            ]
        },
        {
            "file_path": "images/0005.jpg",
            "sharpness": 88.59886645466796,
            "transform_matrix": [
                [
                    -0.9833915802065561,
                    -0.004967005894992918,
                    0.1814285777442271,
                    0.5668067079333252
                ],
                [
                    0.18146270633699674,
                    -0.0076020671078053355,
                    0.9833684430489597,
                    3.860972323056596
                ],
                [
                    -0.003505164630289084,
                    0.999958767859517,
                    0.008377135118078237,
                    -0.07542498103225581
                ],
                [
                    0.0,
                    0.0,
                    0.0,
                    1.0
                ]
            ]
        },
        {
            "file_path": "images/0015.jpg",
            "sharpness": 101.03309605606815,
            "transform_matrix": [
                [
                    -0.8500688484073544,
                    -0.019253013960594628,
                    -0.5263195554146061,
                    -2.206880536959659
                ],
                [
                    -0.5266612555464673,
                    0.0373317442474982,
                    0.8492551223146384,
                    3.320246900918113
                ],
                [
                    0.0032977063091646245,
                    0.999117441703367,
                    -0.04187436934704922,
                    -0.17143052511529427
                ],
                [
                    0.0,
                    0.0,
                    0.0,
                    1.0
                ]
            ]
        },
        {
            "file_path": "images/0011.jpg",
            "sharpness": 104.02119501858982,
            "transform_matrix": [
                [
                    -0.9725468390975038,
                    0.0008187328893715049,
                    -0.23270577008082716,
                    -1.0387004540373062
                ],
                [
                    -0.23270290950670475,
                    0.0026580620228692452,
                    0.9725442358131535,
                    3.7914749447106817
                ],
                [
                    0.0014148003221831009,
                    0.9999961321793868,
                    -0.0023945682930010793,
                    -0.0942055511083699
                ],
                [
                    0.0,
                    0.0,
                    0.0,
                    1.0
                ]
            ]
        },
        {
            "file_path": "images/0012.jpg",
            "sharpness": 115.24918160730243,
            "transform_matrix": [
                [
                    -0.9514801996667173,
                    0.0004888480071026851,
                    -0.30770958818472194,
                    -1.3300000357187671
                ],
                [
                    -0.3077027096045079,
                    0.005360962487521828,
                    0.9514674469382781,
                    3.7004272150439776
                ],
                [
                    0.0021147425245677453,
                    0.999985510444941,
                    -0.004950429801662843,
                    -0.09330143429960604
                ],
                [
                    0.0,
                    0.0,
                    0.0,
                    1.0
                ]
            ]
        },
        {
            "file_path": "images/0013.jpg",
            "sharpness": 109.01545251236897,
            "transform_matrix": [
                [
                    -0.922084120164464,
                    -0.0002499461111831194,
                    -0.38698942215320253,
                    -1.6430392946206347
                ],
                [
                    -0.38697569550079186,
                    0.009042808925322105,
                    0.9220455730051593,
                    3.5797191558615644
                ],
                [
                    0.0032690096953458176,
                    0.9999590817251862,
                    -0.008434953581933871,
                    -0.11439653352392846
                ],
                [
                    0.0,
                    0.0,
                    0.0,
                    1.0
                ]
            ]
        },
        {
            "file_path": "images/0020.jpg",
            "sharpness": 60.135856334862225,
            "transform_matrix": [
                [
                    -0.545435276151472,
                    -0.05289030109566649,
                    -0.8364825016523525,
                    -3.443706537549288
                ],
                [
                    -0.8381406540810112,
                    0.039823131172789177,
                    0.5439984946672579,
                    2.0839907461249454
                ],
                [
                    0.004539108208503768,
                    0.997805960227045,
                    -0.06605045210331033,
                    -0.21058275574746263
                ],
                [
                    0.0,
                    0.0,
                    0.0,
                    1.0
                ]
            ]
        },
        {
            "file_path": "images/0022.jpg",
            "sharpness": 51.23092869510776,
            "transform_matrix": [
                [
                    -0.39264470266055107,
                    -0.06409745154114321,
                    -0.9174538975717196,
                    -3.7545704541700307
                ],
                [
                    -0.9196843062565336,
                    0.03094847277034843,
                    0.39143705606216517,
                    1.4592243772354825
                ],
                [
                    0.0033036792346959262,
                    0.9974636377984505,
                    -0.07110117414213989,
                    -0.21277778124886326
                ],
                [
                    0.0,
                    0.0,
                    0.0,
                    1.0
                ]
            ]
        },
        {
            "file_path": "images/0023.jpg",
            "sharpness": 57.47414972375733,
            "transform_matrix": [
                [
                    -0.3018278744912147,
                    -0.06456669688645825,
                    -0.9511735256115416,
                    -3.875519123645097
                ],
                [
                    -0.9533584661366158,
                    0.023320462963804897,
                    0.3009381847702063,
                    1.0887787835635223
                ],
                [
                    0.0027512224185567485,
                    0.9976408660692119,
                    -0.06859397287569813,
                    -0.20245661275254884
                ],
                [
                    0.0,
                    0.0,
                    0.0,
                    1.0
                ]
            ]
        },
        {
            "file_path": "images/0014.jpg",
            "sharpness": 98.47411349078358,
            "transform_matrix": [
                [
                    -0.8907378815028016,
                    -0.0075026764965628046,
                    -0.4544554282790444,
                    -1.9147119787457096
                ],
                [
                    -0.45450917651902795,
                    0.020701364122518585,
                    0.8905014665813052,
                    3.4675847248584413
                ],
                [
                    0.0027267028747851763,
                    0.999757552289481,
                    -0.021849524538851826,
                    -0.1412480375868639
                ],
                [
                    0.0,
                    0.0,
                    0.0,
                    1.0
                ]
            ]
        },
        {
            "file_path": "images/0019.jpg",
            "sharpness": 59.63719569327691,
            "transform_matrix": [
                [
                    -0.6072905075431193,
                    -0.05135580506831804,
                    -0.7928182772393721,
                    -3.270070011507727
                ],
                [
                    -0.7944691630587944,
                    0.044432279469446244,
                    0.6056769118018294,
                    2.335794507000082
                ],
                [
                    0.004121697845908971,
                    0.9976915123513622,
                    -0.06778390502113511,
                    -0.2120537586698862
                ],
                [
                    0.0,
                    0.0,
                    0.0,
                    1.0
                ]
            ]
        },
        {
            "file_path": "images/0024.jpg",
            "sharpness": 54.201207071342644,
            "transform_matrix": [
                [
                    -0.21827239578859306,
                    -0.06549475645987908,
                    -0.973687628607846,
                    -3.9579899166214254
                ],
                [
                    -0.9758853866541741,
                    0.01690588708681559,
                    0.2176279005473218,
                    0.7433000120531721
                ],
                [
                    0.0022075667618518106,
                    0.997709691167259,
                    -0.06760546420904093,
                    -0.21251146539981192
                ],
                [
                    0.0,
                    0.0,
                    0.0,
                    1.0
                ]
            ]
        },
        {
            "file_path": "images/0021.jpg",
            "sharpness": 47.356468250313405,
            "transform_matrix": [
                [
                    -0.4720605405957433,
                    -0.060619106327904154,
                    -0.8794794880788647,
                    -3.6118264309152552
                ],
                [
                    -0.8815589291918612,
                    0.036492982146821736,
                    0.4706613608701317,
                    1.784847156539412
                ],
                [
                    0.0035637581779352553,
                    0.9974936522068932,
                    -0.07066621134317443,
                    -0.21685261246152862
                ],
                [
                    0.0,
                    0.0,
                    0.0,
                    1.0
                ]
            ]
        },
        {
            "file_path": "images/0016.jpg",
            "sharpness": 96.53963963130536,
            "transform_matrix": [
                [
                    -0.7931233254178581,
                    -0.02034116855929117,
                    -0.6087213053038001,
                    -2.5281439694439967
                ],
                [
                    -0.6090486519274251,
                    0.03287079142280387,
                    0.7924514184835678,
                    3.0805127879208922
                ],
                [
                    0.0038897631828343597,
                    0.999252594654568,
                    -0.038459352692035945,
                    -0.17101675470530195
                ],
                [
                    0.0,
                    0.0,
                    0.0,
                    1.0
                ]
            ]
        },
        {
            "file_path": "images/0017.jpg",
            "sharpness": 78.4992303233959,
            "transform_matrix": [
                [
                    -0.7327755970610915,
                    -0.02898772504578185,
                    -0.6798526576688753,
                    -2.812443166191649
                ],
                [
                    -0.6804576972987028,
                    0.03731275862931622,
                    0.7318367852399955,
                    2.8377910048344184
                ],
                [
                    0.004152894610171836,
                    0.9988831111952735,
                    -0.047066799617174346,
                    -0.18476895011318012
                ],
                [
                    0.0,
                    0.0,
                    0.0,
                    1.0
                ]
            ]
        },
        {
            "file_path": "images/0032.jpg",
            "sharpness": 74.437350015299,
            "transform_matrix": [
                [
                    0.4278464602585569,
                    -0.0585919434969934,
                    -0.9019503260116214,
                    -3.587653608352531
                ],
                [
                    -0.9038395995215645,
                    -0.032840207983057396,
                    -0.42660930495750077,
                    -1.8543914228289622
                ],
                [
                    -0.004624368005246466,
                    0.997741702490118,
                    -0.06700828548521871,
                    -0.1777844082532845
                ],
                [
                    0.0,
                    0.0,
                    0.0,
                    1.0
                ]
            ]
        },
        {
            "file_path": "images/0031.jpg",
            "sharpness": 56.47370696058068,
            "transform_matrix": [
                [
                    0.36424610683618114,
                    -0.0670459077663374,
                    -0.9288862254859175,
                    -3.7118174348529123
                ],
                [
                    -0.9312933202183117,
                    -0.030705840450497852,
                    -0.3629736947479469,
                    -1.606969715151732
                ],
                [
                    -0.004186331376758124,
                    0.9972772922337195,
                    -0.07362388889198997,
                    -0.19597948724173087
                ],
                [
                    0.0,
                    0.0,
                    0.0,
                    1.0
                ]
            ]
        },
        {
            "file_path": "images/0027.jpg",
            "sharpness": 62.77468315051229,
            "transform_matrix": [
                [
                    0.010192141050537678,
                    -0.06087298699832464,
                    -0.9980934824482671,
                    -4.02218839467257
                ],
                [
                    -0.9999455735311196,
                    0.0016049267053001312,
                    -0.010308937180197653,
                    -0.1727671516664664
                ],
                [
                    0.002229402683303952,
                    0.9981442298862266,
                    -0.06085331625723608,
                    -0.17533371654832183
                ],
                [
                    0.0,
                    0.0,
                    0.0,
                    1.0
                ]
            ]
        },
        {
            "file_path": "images/0034.jpg",
            "sharpness": 87.33815200335874,
            "transform_matrix": [
                [
                    0.5541791791124432,
                    -0.04061176953926905,
                    -0.8314061111178753,
                    -3.2634836027401586
                ],
                [
                    -0.8323677054420516,
                    -0.03547392778787037,
                    -0.5530873379353645,
                    -2.349017737938689
                ],
                [
                    -0.007031384844870693,
                    0.9985450839161928,
                    -0.05346283760671907,
                    -0.1483841415086008
                ],
                [
                    0.0,
                    0.0,
                    0.0,
                    1.0
                ]
            ]
        },
        {
            "file_path": "images/0026.jpg",
            "sharpness": 61.09718359529801,
            "transform_matrix": [
                [
                    -0.07909864605727471,
                    -0.06052271088391183,
                    -0.9950278416457349,
                    -4.020023953316162
                ],
                [
                    -0.9968653193677087,
                    0.006518939299795275,
                    0.07884819891611781,
                    0.17961050362235986
                ],
                [
                    0.0017144193545774618,
                    0.9981455329202572,
                    -0.06084863078663381,
                    -0.19912817764490523
                ],
                [
                    0.0,
                    0.0,
                    0.0,
                    1.0
                ]
            ]
        },
        {
            "file_path": "images/0035.jpg",
            "sharpness": 84.2304545543257,
            "transform_matrix": [
                [
                    0.6092967421220475,
                    -0.0351588741767112,
                    -0.7921624414203736,
                    -3.092895793282282
                ],
                [
                    -0.7929086398512754,
                    -0.03621889624880592,
                    -0.6082631670615218,
                    -2.564727150042065
                ],
                [
                    -0.007305401120961284,
                    0.9987252100113181,
                    -0.04994583058981225,
                    -0.14992587549345443
                ],
                [
                    0.0,
                    0.0,
                    0.0,
                    1.0
                ]
            ]
        },
        {
            "file_path": "images/0028.jpg",
            "sharpness": 57.41778838734568,
            "transform_matrix": [
                [
                    0.09472045156110569,
                    -0.05904391979399922,
                    -0.9937514033109196,
                    -3.9906276917407526
                ],
                [
                    -0.9955032187954072,
                    -0.004441059272383812,
                    -0.09462356133921833,
                    -0.517784558287029
                ],
                [
                    0.001173637082217006,
                    0.9982455071368439,
                    -0.05919907134491409,
                    -0.17737432894383182
                ],
                [
                    0.0,
                    0.0,
                    0.0,
                    1.0
                ]
            ]
        },
        {
            "file_path": "images/0030.jpg",
            "sharpness": 40.879378371147936,
            "transform_matrix": [
                [
                    0.2632277888586103,
                    -0.06516203112605365,
                    -0.9625305402235997,
                    -3.8576015892133317
                ],
                [
                    -0.9647329190894018,
                    -0.019057004718599675,
                    -0.2625399500959609,
                    -1.202550680474072
                ],
                [
                    -0.001235312646851832,
                    0.9976927083334229,
                    -0.06788028971637752,
                    -0.2061416999047043
                ],
                [
                    0.0,
                    0.0,
                    0.0,
                    1.0
                ]
            ]
        },
        {
            "file_path": "images/0033.jpg",
            "sharpness": 87.13126301731482,
            "transform_matrix": [
                [
                    0.49821932134323116,
                    -0.04443877235394634,
                    -0.8659114870140975,
                    -3.412809099599272
                ],
                [
                    -0.8670325658064747,
                    -0.03205408402692959,
                    -0.49721933342160946,
                    -2.1309878067616927
                ],
                [
                    -0.005660182796729501,
                    0.998497737203181,
                    -0.05449982680550788,
                    -0.15739616301248427
                ],
                [
                    0.0,
                    0.0,
                    0.0,
                    1.0
                ]
            ]
        },
        {
            "file_path": "images/0025.jpg",
            "sharpness": 61.81098203063022,
            "transform_matrix": [
                [
                    -0.14314910323974736,
                    -0.05717133127050454,
                    -0.9880484669860158,
                    -3.9943963641407785
                ],
                [
                    -0.989699792463049,
                    0.00991281286509534,
                    0.1428147644317381,
                    0.43996134870123643
                ],
                [
                    0.0016294293472306973,
                    0.9983151681772928,
                    -0.05800146496547659,
                    -0.17238913505777745
                ],
                [
                    0.0,
                    0.0,
                    0.0,
                    1.0
                ]
            ]
        },
        {
            "file_path": "images/0029.jpg",
            "sharpness": 51.32609411796891,
            "transform_matrix": [
                [
                    0.16826627556993437,
                    -0.059144004481812555,
                    -0.9839656738071094,
                    -3.9458762293678142
                ],
                [
                    -0.9857414651546471,
                    -0.009616217588697323,
                    -0.1679919409794693,
                    -0.8137038821934998
                ],
                [
                    0.0004736880910598071,
                    0.9982031431948799,
                    -0.05991878275173537,
                    -0.1843374768614688
                ],
                [
                    0.0,
                    0.0,
                    0.0,
                    1.0
                ]
            ]
        },
        {
            "file_path": "images/0036.jpg",
            "sharpness": 90.95307145955329,
            "transform_matrix": [
                [
                    0.6695866617386825,
                    -0.03093753095164199,
                    -0.7420893285792918,
                    -2.8781110637764584
                ],
                [
                    -0.7426779139531798,
                    -0.040160138955758984,
                    -0.668443475071154,
                    -2.8073882064244517
                ],
                [
                    -0.009122419853893185,
                    0.9987141895500834,
                    -0.049867314328375864,
                    -0.15839311487022686
                ],
                [
                    0.0,
                    0.0,
                    0.0,
                    1.0
                ]
            ]
        },
        {
            "file_path": "images/0044.jpg",
            "sharpness": 70.65012875839047,
            "transform_matrix": [
                [
                    0.9704188791970476,
                    0.0053300478300222585,
                    -0.24136857599753406,
                    -0.8144312877991151
                ],
                [
                    -0.24083486023837342,
                    -0.0486311739362492,
                    -0.9693469858701476,
                    -3.9511562764144177
                ],
                [
                    -0.016904703000656458,
                    0.9988025828474459,
                    -0.0459089479810444,
                    -0.15063609733431702
                ],
                [
                    0.0,
                    0.0,
                    0.0,
                    1.0
                ]
            ]
        },
        {
            "file_path": "images/0037.jpg",
            "sharpness": 85.6253920577993,
            "transform_matrix": [
                [
                    0.7160247407032857,
                    -0.029238709787328843,
                    -0.6974623061798867,
                    -2.6970533567158266
                ],
                [
                    -0.6980054523698531,
                    -0.04408079945334993,
                    -0.714734406322729,
                    -2.9850297329580666
                ],
                [
                    -0.009846784163497357,
                    0.9986000104949622,
                    -0.05197172185039393,
                    -0.1550502670227987
                ],
                [
                    0.0,
                    0.0,
                    0.0,
                    1.0
                ]
            ]
        },
        {
            "file_path": "images/0039.jpg",
            "sharpness": 78.17593892034677,
            "transform_matrix": [
                [
                    0.808425703533923,
                    -0.017262429930028654,
                    -0.5883450436347658,
                    -2.2363848332524476
                ],
                [
                    -0.5884429498038455,
                    -0.04666236831256149,
                    -0.8071911286737523,
                    -3.3358632709597487
                ],
                [
                    -0.01351949282208399,
                    0.998761549063333,
                    -0.0478810131204499,
                    -0.14262078641871268
                ],
                [
                    0.0,
                    0.0,
                    0.0,
                    1.0
                ]
            ]
        },
        {
            "file_path": "images/0038.jpg",
            "sharpness": 81.0212958053803,
            "transform_matrix": [
                [
                    0.7646727936755094,
                    -0.024972284495237435,
                    -0.6439347044620142,
                    -2.4716519881149566
                ],
                [
                    -0.6443086513896854,
                    -0.04809725267081475,
                    -0.7632516072894429,
                    -3.1709096149708236
                ],
                [
                    -0.011911353905336559,
                    0.9985304398382777,
                    -0.05286851951315492,
                    -0.15160142156721645
                ],
                [
                    0.0,
                    0.0,
                    0.0,
                    1.0
                ]
            ]
        },
        {
            "file_path": "images/0041.jpg",
            "sharpness": 68.52251322677239,
            "transform_matrix": [
                [
                    0.8853719317790324,
                    -0.0014036684328911568,
                    -0.464881245183968,
                    -1.7201665182345276
                ],
                [
                    -0.464663844110941,
                    -0.033399511629364095,
                    -0.8848570418994004,
                    -3.6074796555703186
                ],
                [
                    -0.014284760657459398,
                    0.9994410949770157,
                    -0.03022322410165082,
                    -0.10656279921211703
                ],
                [
                    0.0,
                    0.0,
                    0.0,
                    1.0
                ]
            ]
        },
        {
            "file_path": "images/0042.jpg",
            "sharpness": 70.06261829824405,
            "transform_matrix": [
                [
                    0.9285829679405969,
                    0.006420612609112804,
                    -0.3710693296074964,
                    -1.3346275805180452
                ],
                [
                    -0.37074633354723313,
                    -0.029099152519895845,
                    -0.9282781886287649,
                    -3.7696286403804367
                ],
                [
                    -0.016757917660378128,
                    0.9995559089152294,
                    -0.024640558827525385,
                    -0.1007715342373613
                ],
                [
                    0.0,
                    0.0,
                    0.0,
                    1.0
                ]
            ]
        },
        {
            "file_path": "images/0040.jpg",
            "sharpness": 75.04076813597916,
            "transform_matrix": [
                [
                    0.8392105781141592,
                    -0.013728928990690633,
                    -0.5436332606464288,
                    -2.0545443900707236
                ],
                [
                    -0.5436552587193173,
                    -0.0447630949944867,
                    -0.8381140882918867,
                    -3.4497945398249072
                ],
                [
                    -0.012828298484221758,
                    0.9989032895262165,
                    -0.045029467270875374,
                    -0.13766224397269902
                ],
                [
                    0.0,
                    0.0,
                    0.0,
                    1.0
                ]
            ]
        },
        {
            "file_path": "images/0043.jpg",
            "sharpness": 70.6557097438901,
            "transform_matrix": [
                [
                    0.9519207452939543,
                    0.0062147337708157455,
                    -0.3062813604419349,
                    -1.070485123798321
                ],
                [
                    -0.3059414525542828,
                    -0.03197711650674504,
                    -0.9515131589362724,
                    -3.868751950317256
                ],
                [
                    -0.01570739570891277,
                    0.9994692797155282,
                    -0.028538335900370856,
                    -0.12054466597036607
                ],
                [
                    0.0,
                    0.0,
                    0.0,
                    1.0
                ]
            ]
        },
        {
            "file_path": "images/0046.jpg",
            "sharpness": 25.43522135402132,
            "transform_matrix": [
